has_converged_out: yes
rho_out: 6.439005031282961 g/m^3
T_out: 2991.0822451733734 K
h_out: 5065.442761057773 kJ/Kg
u_out: 234.9231890979698 m/s
a_out: 1031.9220090580257 m/s
M_out: 0.22765595368240657
T_t_out: 2999.6985081499774 K
h_t_out: 5093.037213445754 kJ/Kg
P_t_out: 6.18 kPa
Re_out: 136.38131877626657
Species mass fraction composition:
e-: 1.8532818067128754e-12
N+: 1.028030756903152e-18
O+: 2.7861324558288164e-14
NO+: 1.0133854027498044e-07
N2+: 5.44455535512025e-16
O2+: 3.1933176303447186e-11
N: 2.4390246807833975e-05
O: 0.08979683224995422
NO: 0.03589174279409935
N2: 0.7503039618620674
O2: 0.12398297147471611
warnings_out: None|Linear interpolation failed, nearest interpolation used.|
res_out: 9.596719979939088e-10
