has_converged_out: yes
rho_out: 36.08125121431086 g/m^3
T_out: 577.0133468633647 K
h_out: 586.8524918032209 kJ/Kg
u_out: 99.35162519421597 m/s
a_out: 478.80451454164586 m/s
M_out: 0.20749934926850921
T_t_out: 581.7143348065663 K
h_t_out: 591.7878645175869 kJ/Kg
P_t_out: 6.18 kPa
Re_out: 0.9714849605780547
warnings_out: None|
res_out: 6.568640190987133e-09
